1
0 4
2 4
60
8

 -6 1  1 1   2 2    2 1  4 1  5 2    6 1  11 1  6 2  5 1  4 1  2 2   

6 1  5 1  2 2    6 1  5 1  2 2    1 2 -6 6

-6 1  1 1  2 2      2 1  4 1  5 2    6 1  11 1  6 2    5 1  4 1  2 2

6 1  5 1  2 2    6 1  5 1  2 2    1 2  2 6

-6 1  1 1      2 3 1 1    2 2    3 1  1 1  2 2    1 1  -5 1  -6 2

-6 1  1 1      2 3 1 1    2 1  4 1    3 1  1 1     -6 6     

-6 1  1 1      2 3 1 1    2 2 
 
3 1  1 1  2 2     1 1   -5 1   -6 2    -6 1  -5 1  -2 2   
-6 1  -5 1  -2 2  -1 2 -2 6   






 

