1
0 4
2 4
60
2

-3 8 	   	 -5 6   -6 2 	 1 6  2 2	-6 2 1 2  -5 4
5  6   11 2 	6 2  5 2  3 2  5 2	2 16
2 4  2 2  3 2   -7 4  -6 4		-5 6  -6 2     1 4  2 4
-3 4  1 4     -6 2 -5 2  -6 2  1 2   		-5 16
3 6  5 2     -7 4  2 4    -6 2  1 2    -5 12
-3 3  -5 1  -3 4     -5  2  -6 2  -7 2  2 2     -6 12    -5 2 -6 2
1 6 2 2    5 4  3 4   2 4  3 2  2 2     1 4  -6 2  -5 2   
-3 8  1 8     -6 3 1 1 -6  2  -5 2     -3 2  -5 2  -6 2  1  2
 -5 12  3 2  5 2     2 2  3 2  2 2  1 2     -7 4  -6 4  -5 16







 

