1
0 1
2 4
90
4
3 2 2 2    1 2  -7 2    1 6  2 2    -7 14   -7 2

3 2  2 2    2 2  1 2    1 2  -7 2   1 2  2 2     3 14  3 2 

3 2  2 2    2 2   3 2   2 6  1 2   -7 4  1 4   -6 6   1 2 

2 2  1 2   1 2  2 2  1 3 2 1 1 2  -6 2  -7 14  -7 2

3 2  2 2  1 2  -7 2  1 6  2 2 -7 14  -7 2

3 2  2 2  2 2  1 2   1 2  -7 2  1 2  5 2  3 14   5 2
6 2  5 2   5 2  3 2   2 6  5 2 3 4 2 4 1 6 1 2 
3 2  2  2  2 2  -6 2   -7 4 -7 4 -6 16


6 2  3 2   6 2  3 2  6 6  6 2 5 2  3 2  5 2  3 2  5  8
4 6  2 2  -6 2  -7 2  1 4   6 4 5 4 3 8
6 2  3 2  6 2  3 2  6 6 6 2   5 2  3 2  3 2  -7 2  1 8

2 2  3 2  4 2  3 2  2 4 1 4  -7 8 3 8




 

