1
0 4
2 4
90
8

6 1  7  1     11 3  7 1  11 2  13 2    7 6  3 1 3 1

6 3 5 1 6 2 11 2    5 6  3 2     4 3  3 1  4 2 11 2

3 5  11 1 11 1 11 1    7 3  204 1  204 2 7 2    7 6  6 1  7 1 

11 3 7 1 11 2 13 2    7 6  3 1 3 1     6 3 5 1 6 2 11 2

5 6 2 1 3 1     4 2  11 1 7 2 11 3   12 1 12 1 13 1 11 5

11 1 7 1 6 1 6 1 7 2 205 2    6 6  11 1 12 1    13 3 12 1 13 2 15 2

12 6 5 1 5 1    11 3 7 1 11 2 13 2  13 8

6 1 7 1 11 2 7 2 12 1 12 1   11 3 5 5   14 2 13 2 12 2 11 2

13 6 13 2   16 4  15 2 15 2  13 1 12 1 11 5  11 1

12 2 11 1 12 1 12 2 15 2   13 6 13 2  16 4  15 4 

13 1 12 1  11 5  11 1  12 2 11 1 12 3 7 2  6 6


6 1  7  1     11 3  7 1  11 2  13 2    7 6  3 1 3 1

6 3 5 1 6 2 11 2    5 6  3 2     4 3  3 1  4 2 11 2

3 5  11 1 11 1 11 1    7 3  204 1  204 2 7 2    7 6  6 1  7 1 

11 3 7 1 11 2 13 2    7 6  3 1 3 1     6 3 5 1 6 2 11 2

5 6 2 1 3 1     4 2  11 1 7 2 11 3   12 1 12 1 13 1 11 5

11 1 7 1 6 1 6 1 7 2 205 2    6 6  11 1 12 1    13 3 12 1 13 2 15 2

12 6 5 1 5 1    11 3 7 1 11 2 13 2  13 8

6 1 7 1 11 2 7 2 12 1 12 1   11 3 5 5   14 2 13 2 12 2 11 2

13 6 13 2   16 4  15 2 15 2  13 1 12 1 11 5  11 1

12 2 11 1 12 1 12 2 15 2   13 6 13 2  16 4  15 4 

13 1 12 1  11 5  11 1  12 2 11 1 12 3 7 2  6 6  



 

