1
0 3
2 4
60
4	
	

3   1   2  1    3  1    5  1       6  1    5   1    11  1    6  1          
5   1   3  1    5  4    6  2 

11  2    12 1     13 1             12  1  11  1   6  1  11  1           
5  1     3  1     5  6


5   1     3   1    5   4     6   2  
11  2     12   1      13   1                11   1      6   1      5  6

5 2	 2 2    3 1	  5 1	 3 1	  2 1
1  1 		-6 1	   1 6

3    1     2   1      1   2      2    3     3   1   
5   2      6    1     11    1     6    2     5    2     

5   1      3    1     2    2     3    1     5    1     3    1     2   1     
1    1     2    1     -6    4     1   2     

2   3      3   1      1   1      2   1      1   1      -6   1
1   1     -6   1      -5   6






 

