1
0 1
4 4
52
4


3 2  3 1  2 1  3 4		3 1 5 1 3 1 2 1  3 4
1 2  1 1  2 1  3 1 5 1 3 2 	2 2 2 1 1 1 2 4

3 2  5 1  3 1 6 1 5 3		6 1 5 1 5 1 3 1 5 3 -5 1
3 2  2 1  3 1 5 2 3 1 2 1		2 2 2 1 1 1 2 4

3 2  3 1  2 1  3 4		3 1 5 1 3 1 2 1  3 4
1 2  1 1  2 1  3 1 5 1 3 2 	2 2 2 1 1 1 2 4

3 2  5 1  3 1 6 1 5 3		6 1 5 1 5 1 3 1 5 4
3 2  2 1  3 1 5 2 3 1 2 1		2 1 1 7

1 1  2 1
3 2  3 1  5 1  6 2  6  1  13 1          12 1 11 1 11 1 6 1 5 4
6 1  5 1  3 1  2 1  1  2  -6 1  1 1     2 2  2 1 1 1 2 2  1 1 2 1
3 2  3 1  5 1  6 2  6  1  13 1          12 1 11 1 11 1 12 1 11 4
5 2  5 1  3 1  7 1  11 1  1 1 2 1       3 4 2 4
1 8