1
0 1
4 4
75
4

5 1 11 1 12 1   12 2 13 2 13 9   11 1  12 1 13 1   

12 2  15 2 15 9   15 1 16 1 17 1   17 2  21 2  21 6  22 2   23 2 22 2 21 2

17 10  21 2 17 2 15 2   15 2 16 2 16 10   15 1 14 1   13 2 15 2 15 8  11 2 12 2  13 2 14 2 14 8 15 2 14 2

13 12  12 1 5 1 11 1 12 1    12 2 13 2 13 9     11 1  12 1 13 1   

12 2  15 2 15 9   15 1 16 1 17 1   17 2  21 2  21 6  22 2   23 2 22 2 21 2

17 10  21 2 17 2 15 2   15 2 16 2 16 10   15 1 14 1   13 2 15 2 15 8  11 2 12 2  13 2 14 4 6 2 11 4  7 4

11 10 11 2 13 2 15 2   16 10  11 2 11 2 7 2   11 2 16 2 15 6  11 2  11 2 7 2    11 2 15 2 15 2 14 2  14 2 13 2 13 2 12 2

12 2 13 2 13 6 11 2 13 2 15 2     16 10 11 2 11 2 16 2    17 2 15 8 11 2 11 2 7 2   11 2 15 2 15 2 14 2  13 6 12 2 12 12  5 1 11 1 12 1   12 2 13 2 13 9   11 1  12 1 13 1   

12 2  15 2 15 9   15 1 16 1 17 1   17 2  21 2  21 6  22 2   23 2 22 2 21 2

17 10  21 2 17 2 15 2   15 2 16 2 16 10   15 1 14 1   13 2 15 2 15 8  11 2 12 2  13 2 14 2 14 8 15 2 14 2

13 12  12 1 5 1 11 1 12 1    12 2 13 2 13 9     11 1  12 1 13 1   

12 2  15 2 15 9   15 1 16 1 17 1   17 2  21 2  21 6  22 2   23 2 22 2 21 2

17 10  21 2 17 2 15 2   15 2 16 2 16 10   15 1 14 1   13 2 15 2 15 8  11 2 12 2  13 2 14 4 6 2 11 4  7 4

11 10




